810
140 112
269 749
358 572
419 201
279 315
221 565
476 489
138 741
67 246
46 17
200 142
341 797
12 6
483 563
390 590
126 312
34 45
629 154
265 555
143 62
76 56
269 293
165 316
490 648
423 118
634 61
339 277
305 213
266 762
133 15
92 114
247 447
488 177
211 548
248 393
627 522
151 144
252 137
341 368
523 745
8 367
235 58
18 79
295 544
139 460
104 25
301 129
568 94
218 164
51 562
27 251
49 113
11 579
164 789
341 530
26 25
111 97
149 21
204 32
10 379
486 172
668 125
106 45
13 84
548 672
149 383
67 232
18 9
55 63
151 191
123 296
42 117
176 203
168 540
459 491
6 35
60 92
534 55
118 210
468 12
7 10
387 285
413 802
212 531
3 2
83 4
15 247
165 760
410 472
322 300
57 241
731 448
4 23
324 257
549 270
431 479
432 332
81 167
491 657
728 219
790 251
259 425
205 476
277 171
89 29
647 28
390 257
7 265
222 418
204 520
108 430
630 770
480 307
141 88
71 82
228 97
178 150
387 475
91 774
12 144
495 783
588 179
55 610
7 5
630 124
497 137
267 366
41 194
3 556
560 61
4 127
429 570
210 219
122 18
75 118
229 421
29 72
514 309
36 34
96 17
304 644
182 473
407 633
262 25
435 78
680 52
598 612
532 389
663 499
115 155
165 160
676 389
91 161
730 77
413 779
428 297
603 260
454 324
352 7
143 287
322 507
141 512
185 10
225 538
85 49
393 575
68 174
230 216
187 439
73 69
38 220
66 28
24 253
62 308
470 312
8 57
343 70
465 170
153 353
649 68
10 347
31 21
48 362
621 428
571 391
342 47
28 8
445 545
259 527
3 25
535 351
179 276
27 81
135 214
455 478
321 734
775 311
226 3
618 277
21 48
412 547
306 228
349 637
577 769
502 541
25 609
318 226
295 132
68 586
367 700
368 677
209 149
74 319
744 14
438 158
675 298
366 632
128 51
18 193
46 217
315 559
507 578
640 554
222 437
471 255
239 147
796 776
348 5
394 280
207 73
464 373
133 257
773 662
659 235
156 1
458 394
310 143
7 11
43 42
399 702
32 80
512 751
7 101
91 42
177 163
516 19
467 324
303 272
648 716
108 93
291 338
141 409
408 31
219 696
152 61
417 335
115 8
77 44
36 54
666 682
336 103
550 46
711 471
687 112
715 315
71 158
511 86
241 275
210 212
175 446
46 69
625 499
392 62
174 384
669 105
281 94
437 442
93 526
311 242
577 507
444 521
154 614
149 692
529 92
34 56
667 506
371 323
636 495
176 733
378 184
257 809
212 282
272 78
69 422
593 395
531 725
543 64
195 79
360 477
146 61
475 685
155 206
259 118
537 799
73 221
11 60
126 118
273 239
173 513
86 213
456 266
6 44
58 15
557 385
171 69
76 765
40 411
67 63
250 44
102 726
181 407
693 69
179 26
7 519
551 516
314 364
461 264
601 162
121 10
182 153
145 653
177 292
231 173
398 243
16 365
325 27
8 17
47 20
110 87
1 87
294 192
261 481
188 329
558 384
10 59
77 192
183 19
94 21
289 225
30 508
599 361
298 771
244 165
483 754
137 3
3 291
660 190
175 98
38 34
105 160
2 16
525 695
564 748
294 323
5 22
576 266
757 135
95 747
510 202
806 661
622 166
160 462
30 2
413 517
80 743
43 445
407 794
393 717
662 136
236 494
346 242
778 560
332 256
284 50
537 480
166 22
617 543
565 689
76 154
339 389
643 391
746 648
36 724
331 213
451 231
490 420
268 756
501 356
66 335
205 104
273 357
720 456
148 270
288 177
93 138
47 199
23 62
249 104
549 719
641 133
221 224
684 497
37 33
80 750
722 573
327 314
616 412
181 240
13 95
280 31
432 495
539 674
137 211
80 735
780 781
124 55
202 43
452 50
106 602
613 397
15 340
227 493
158 172
27 139
187 178
457 284
136 86
772 256
10 482
67 427
480 503
11 679
175 455
12 70
217 361
31 386
59 90
150 709
173 151
656 183
243 271
170 328
133 159
395 193
101 406
108 269
449 204
25 255
290 705
11 14
606 586
20 52
366 492
459 433
623 134
380 111
15 20
185 431
388 142
740 639
232 354
178 509
573 491
79 107
592 233
215 50
86 46
197 804
438 485
162 134
686 261
525 456
714 243
225 29
308 441
263 138
381 309
9 15
24 14
788 616
350 215
382 182
780 738
8 5
440 430
642 20
361 706
433 704
187 403
53 37
776 589
88 86
419 546
60 344
739 608
134 208
134 77
297 651
180 638
434 14
153 36
100 3
425 522
1 33
32 97
721 708
402 469
166 400
291 474
283 131
275 528
266 239
58 597
155 229
68 413
468 713
298 2
664 805
86 103
49 2
264 108
261 313
566 231
132 66
114 245
157 126
795 212
710 589
23 420
506 465
801 607
640 761
688 768
129 34
1 4
300 175
4 6
116 41
586 764
194 791
798 529
103 574
130 373
624 464
254 107
228 429
583 131
723 85
377 582
616 639
503 626
546 763
504 782
607 435
192 615
216 433
9 8
716 755
107 119
453 425
144 496
38 198
386 678
800 73
145 27
793 471
718 611
148 91
671 375
39 416
341 133
264 810
51 39
15 105
737 615
673 51
106 753
102 7
335 374
65 784
405 146
89 223
553 149
338 414
68 41
309 268
180 786
524 496
205 233
533 125
487 360
26 32
330 127
11 184
188 523
429 498
219 564
24 41
567 374
58 694
621 666
53 150
397 239
283 727
792 29
445 697
245 326
650 502
445 803
119 595
135 598
277 631
85 260
86 216
74 61
785 409
436 176
156 424
113 180
742 322
561 225
168 6
142 62
53 78
736 93
13 4
63 65
412 315
426 45
664 232
287 484
646 234
360 164
527 552
41 355
402 60
807 309
22 635
480 584
286 5
125 114
691 217
227 188
376 78
688 375
62 75
369 204
611 283
359 410
44 71
698 33
181 274
57 243
230 385
80 500
608 89
351 289
133 201
681 16
170 148
242 211
1 2
358 135
645 379
787 731
139 665
707 573
10 450
501 690
268 133
438 515
99 4
289 375
444 328
311 349
113 732
363 259
196 192
288 345
594 11
176 82
13 34
649 703
288 605
218 302
52 61
345 581
33 50
237 3
123 85
585 546
536 221
255 708
333 254
278 33
290 130
752 80
502 321
115 164
359 253
11 404
16 181
474 758
280 604
499 293
19 1
343 415
305 542
131 110
22 297
95 190
195 596
25 29
628 487
529 591
227 267
652 397
401 232
699 573
399 589
222 86
510 654
84 93
463 448
74 197
145 399
68 518
214 587
262 356
504 135
661 296
169 279
135 10
55 52
729 114
483 373
549 554
98 59
20 320
236 59
157 448
27 14
9 64
12 39
580 36
370 286
42 19
443 291
147 234
466 138
657 808
248 121
